datadir <- '/media/paul/2E95-1293/study/participants/'
participants <- c(5:12,15,16,18,19)
